328
343
284
84
745
530
960
121
646
16
596
496
287
773
911
692
156
373
888
746
140
464
271
485
442
293
440
83
167
412
298
553
885
869
298
591
263
943
956
45
869
675
261
173
515
253
170
755
138
608
18
79
18
401
990
806
343
980
22
710
479
744
385
336
71
821
951
715
47
898
646
315
880
566
852
630
6
523
612
880
131
587
320
565
256
512
199
809
660
242
305
684
740
392
945
20
560
395
397
500
216
12
561
214
611
596
690
218
53
823
693
53
164
359
560
649
944
325
370
490
479
232
972
435
704
500
879
142
833
599
152
591
564
282
9
823
917
413
725
631
621
399
917
625
309
281
668
759
346
146
70
168
67
623
670
899
323
896
988
912
714
814
755
565
621
434
767
635
156
530
263
806
459
416
601
487
330
712
526
760
80
520
775
224
587
864
860
544
986
118
853
507
133
609
692
502
951
518
30
411
35
704
945
56
469
109
876
493
583
946
10
660
549
959
948
79
57
676
920
629
14
700
974
625
162
803
551
825
715
749
607
295
689
559
973
467
327
193
954
131
169
406
278
563
623
908
356
438
564
806
497
727
403
705
148
275
277
781
445
371
474
604
368
171
21
466
590
538
347
523
629
445
327
80
310
872
566
963
643
767
726
28
111
485
818
503
109
832
893
56
671
722
243
169
937
274
290
664
806
72
604
995
41
212
88
208
702
744
221
345
151
35
401
392
5
648
833
808
404
328
133
81
630
786
798
728
643
52
948
640
375
319
298
708
682
362
173
224
701
796
438
617
993
696
654
727
251
319
427
955
535
8
853
315
988
626
233
615
710
272
722
752
24
366
372
370
659
648
143
941
497
55
754
653
372
923
964
391
100
480
729
439
339
119
918
536
96
537
764
302
712
387
958
107
927
780
386
956
196
577
797
990
764
166
326
861
151
99
688
271
585
755
5
692
620
966
725
403
649
375
783
746
261
142
203
688
440
499
627
611
398
575
823
513
448
843
112
648
678
545
773
38
373
430
908
114
35
203
978
271
604
139
168
988
957
432
45
725
69
973
484
815
260
413
697
93
810
576
298
146
857
512
717
641
871
719
965
362
229
386
711
254
346
797
837
989
584
420
197
328
705
557
61
783
920
879
832
952
714
582
983
174
465
411
784
65
572
278
327
876
216
768
565
536
103
369
551
735
559
890
836
356
99
151
49
126
177
703
977
382
165
13
105
465
727
302
460
329
665
974
754
663
13
349
311
941
608
251
971
573
622
860
188
548
588
93
843
755
240
729
867
438
104
405
627
131
138
628
171
735
881
901
866
331
528
169
625
739
18
797
968
809
787
444
368
898
75
300
910
44
745
333
125
873
445
389
963
386
530
200
243
374
602
646
630
369
688
863
109
715
75
149
173
555
538
961
464
278
255
659
404
231
8
106
405
329
364
637
662
512
400
435
110
870
205
808
109
679
825
453
572
477
525
313
782
821
273
293
875
318
93
671
41
80
537
765
798
777
841
72
336
81
473
835
783
388
675
761
449
362
313
400
550
28
782
493
619
860
3
500
899
530
551
337
211
784
789
336
478
198
451
321
843
426
529
729
554
882
448
673
127
744
446
897
78
568
839
664
435
762
295
676
566
683
569
308
350
125
181
570
601
533
400
417
717
359
476
257
966
594
519
771
442
666
576
423
721
569
439
405
465
302
474
63
731
431
286
269
556
881
348
620
456
861
820
755
846
139
663
602
19
807
794
860
256
7
497
536
844
81
487
979
235
32
61
408
406
188
522
585
457
484
647
962
866
842
305
296
407
696
460
479
633
848
690
87
995
475
74
921
136
296
715
659
616
625
478
577
348
254
507
191
331
923
925
568
833
406
704
20
44
97
74
867
362
336
991
961
881
634
133
693
389
367
597
307
134
472
987
411
899
191
854
733
473
907
520
327
439
692
159
631
300
268
624
999
355
681
948
614
435
187
592
937
516
464
516
207
518
526
891
840
66
449
789
961
812
268
524
724
0
233
395
511
295
961
459
592
567
842
632
324
214
511
842
514
829
92
175
142
513
395
978
242
867
243
628
371
784
620
288
754
457
397
261
924
660
978
729
337
222
321
537
276
808
434
386
101
566
655
267
720
931
691
219
54
911
677
508
93
443
267
186
104
34
74
522
471
716
638
212
630
523
417
432
584
80
273
719
495
658
267
387
959
960
619
712
630
236
121
357
38
834
357
620
568
130
619
894
791
906
494
377
563
616
728
466
552
662
112
464
159
762
817
196
110
716
826
881
354
