845
507
832
189
937
448
143
387
294
877
719
698
918
284
26
572
769
857
608
631
849
855
857
934
131
644
238
705
308
623
581
569
937
529
450
952
0
851
284
463
57
370
932
739
145
164
470
465
356
793
682
12
501
719
401
414
651
475
966
204
377
513
435
991
427
151
816
485
227
557
505
119
18
216
342
324
675
943
151
973
251
61
411
528
69
39
779
911
748
512
452
210
905
331
39
901
377
6
447
379
739
655
492
261
572
384
382
89
401
824
974
769
485
419
691
346
648
918
322
465
207
482
479
197
567
716
358
717
518
945
574
721
351
49
312
353
896
219
662
829
287
57
75
944
755
557
75
98
50
626
954
538
135
988
991
50
657
482
833
417
318
21
98
597
675
720
904
702
91
995
994
565
531
761
374
856
629
204
866
508
23
988
816
416
219
175
238
251
382
575
66
512
304
731
807
838
470
249
823
992
560
712
667
851
983
9
381
222
989
492
452
268
738
28
128
873
238
657
179
321
401
275
743
260
635
494
834
26
246
577
236
61
644
142
972
346
809
153
256
463
724
563
890
162
510
860
310
73
816
689
130
507
615
653
819
144
922
390
370
742
119
23
160
939
505
126
974
620
405
407
109
298
683
431
746
443
777
827
351
730
436
589
662
722
207
273
950
583
297
146
628
67
907
556
957
126
260
127
540
224
563
672
559
593
867
93
183
459
328
899
425
515
697
410
754
729
931
144
169
909
740
368
54
336
490
304
81
128
367
23
610
997
886
621
537
448
873
889
293
529
783
306
760
712
820
867
190
584
654
930
822
582
644
31
786
134
407
325
66
235
253
155
723
633
452
19
347
551
597
110
690
70
315
438
758
126
414
505
208
326
146
398
743
661
641
210
369
552
713
624
771
555
206
629
792
497
731
312
965
764
175
862
341
971
634
982
360
241
476
124
400
908
118
127
691
526
671
67
718
686
76
417
876
300
501
859
125
681
748
449
600
975
181
173
659
221
207
311
668
626
657
454
863
392
513
458
26
843
303
89
324
385
135
650
619
310
789
368
707
326
499
965
495
185
73
358
834
783
744
134
807
591
765
73
596
387
46
699
639
789
309
569
725
257
101
762
795
844
727
835
715
178
618
308
987
863
890
623
423
721
920
379
52
100
529
584
150
733
996
584
138
518
481
342
209
917
606
707
998
606
867
391
298
409
286
418
810
529
196
930
189
575
351
340
186
919
604
34
528
445
242
969
273
882
706
774
780
489
810
217
109
31
783
170
601
673
404
559
652
609
281
106
183
991
829
65
129
32
832
593
337
898
557
792
620
402
285
995
372
355
753
318
47
813
460
105
40
425
2
395
960
523
602
203
84
591
792
1
796
294
749
470
180
265
145
276
512
485
507
381
307
161
955
99
758
694
927
976
822
481
906
319
995
32
482
110
784
102
55
885
221
337
345
89
314
209
435
382
214
895
466
297
9
61
271
729
456
488
138
708
725
833
655
35
139
834
56
411
230
734
787
880
926
730
74
514
542
820
115
511
364
473
138
75
964
223
990
718
122
371
108
920
118
714
663
384
450
408
468
496
504
800
739
976
534
387
110
118
370
799
429
465
643
108
695
254
936
579
194
442
241
406
298
721
240
908
634
427
468
105
316
924
163
600
720
626
642
219
856
507
400
904
710
644
711
955
84
270
499
348
27
827
540
328
635
937
48
706
694
981
634
175
504
390
903
842
155
377
672
183
749
531
591
451
513
352
769
987
137
776
978
410
779
14
512
922
309
565
759
51
521
110
167
966
258
88
298
173
599
155
348
747
539
396
614
511
858
123
90
471
222
306
589
640
899
230
517
856
840
749
710
537
331
582
551
434
834
485
913
262
108
740
350
807
260
344
350
500
840
485
411
703
743
383
133
919
215
301
544
950
951
654
387
578
895
385
140
685
76
463
164
855
527
202
439
424
93
291
50
608
742
878
733
821
782
789
510
559
274
964
696
222
788
513
314
110
578
356
286
367
202
284
584
73
568
404
900
818
432
372
299
21
370
506
739
994
364
876
314
257
202
702
562
867
58
985
209
603
767
73
272
709
501
22
538
486
798
971
36
463
149
431
299
56
610
363
863
587
285
112
677
290
812
832
846
477
426
782
389
317
543
11
507
817
294
246
198
437
871
495
922
443
109
763
400
546
219
502
596
576
191
897
363
957
970
840
245
527
150
533
433
814
603
939
958
206
136
947
759
607
13
4
405
53
938
108
882
471
876
568
55
216
909
610
116
278
199
971
569
98
979
901
81
715
432
565
843
596
268
721
910
843
761
669
356
653
42
897
988
844
478
564
794
951
21
920
251
943
545
64
124
854
290
955
399
708
728
445
570
949
324
199
554
224
945
767
169
772
870
741
206
844
692
880
868
583
700
340
500
504
682
638
332
274
484
785
182
809
73
123
919
759
284
727
777
387
926
895
514
455
431
174
804
200
748
566
148
686
784
33
108
822
276
230
610
124
622
370
612
869
858
535
490
596
676
297
67
94
78
427
338
872
63
652
605
826
489
857
880
271
107
867
175
765
596
983
496
189
320
700
165
334
454
660
384
890
35
731
786
55
527
233
114
165
447
790
26
700
669
947
505
698
78
721
254
156
370
482
24
246
893
139
770
251
634
413
143
976
601
104
889
1
133
635
342
557
877
857
360
5
500
15
716
847
510
40
194
963
899
839
352
296
741
47
213
532
248
803
941
381
280
432
892
2
729
620
305
696
771
521
303
507
452
496
777
530
699
643
234
750
418
32
633
41
994
648
798
457
147
324
22
366
840
601
94
41
602
305
63
265
443
838
740
193
296
609
81
153
752
776
349
375
703
495
148
607
403
144
251
438
351
612
385
714
374
544
44
834
233
645
708
833
118
501
778
149
409
128
970
636
170
419
844
930
934
946
676
528
482
89
878
23
476
337
725
773
995
676
265
901
278
399
863
953
197
329
27
701
316
409
792
577
672
841
199
944
803
484
123
967
900
3
975
159
406
360
625
743
799
572
218
890
806
336
436
520
775
10
131
794
488
665
218
664
277
407
165
824
878
919
398
201
121
242
482
698
215
126
985
216
62
900
528
143
786
705
619
370
407
97
551
626
395
488
805
344
634
631
106
555
209
362
536
340
294
115
889
156
340
317
722
972
697
598
449
522
816
938
136
136
127
248
599
535
799
624
811
733
597
485
595
644
192
60
80
313
402
253
399
724
4
750
700
8
960
310
585
480
115
620
750
347
710
721
718
128
303
998
254
787
59
953
261
318
678
486
699
88
644
228
329
524
891
527
920
841
399
61
860
379
756
695
11
781
192
119
16
670
149
990
230
714
28
834
880
968
331
672
72
155
85
419
772
119
65
435
963
35
65
190
739
64
151
931
254
72
636
377
45
713
267
955
473
638
957
805
721
849
244
800
7
251
540
132
501
274
145
593
673
4
958
535
696
684
784
632
857
555
149
13
838
983
572
2
174
517
324
718
142
21
794
34
823
339
723
967
126
959
727
356
98
40
739
854
934
761
203
596
735
375
147
615
187
514
510
17
36
303
458
161
433
551
753
614
970
833
632
437
505
614
59
458
678
611
678
515
354
517
248
333
93
837
873
587
178
27
860
935
596
365
623
264
914
954
653
183
911
79
196
836
398
656
961
417
686
900
862
422
777
438
541
523
432
8
163
143
972
571
778
268
781
145
342
750
273
895
389
385
244
79
163
357
374
234
0
183
911
591
647
197
412
100
219
729
792
571
463
547
836
402
95
878
729
81
980
245
170
129
87
693
78
471
243
460
971
242
911
34
601
913
365
610
576
239
921
357
259
926
95
608
430
117
870
999
847
765
572
834
72
702
207
500
662
757
500
489
99
578
272
731
650
929
271
258
664
72
22
871
711
544
774
425
331
39
181
515
124
366
899
863
356
397
912
456
258
776
992
544
704
650
424
914
37
75
757
500
369
870
120
254
826
568
375
377
825
852
176
485
699
285
824
997
649
426
668
55
267
439
664
595
665
136
647
750
512
952
798
636
151
775
770
719
325
667
949
367
930
481
371
912
672
81
862
525
423
381
113
468
608
700
490
852
963
994
582
836
540
363
662
334
957
877
468
670
477
139
990
316
686
230
199
773
167
627
18
917
841
429
163
636
340
786
862
383
78
718
901
348
484
607
857
315
189
532
891
917
853
260
951
908
682
163
804
291
646
530
861
629
853
757
374
604
542
675
237
983
654
851
234
436
44
16
344
282
929
932
376
135
321
890
11
576
841
738
94
459
472
795
852
156
538
269
552
105
434
823
20
290
400
738
339
881
951
745
983
103
403
930
661
578
298
327
91
756
448
693
34
816
723
738
929
343
699
534
612
403
759
141
716
156
251
542
525
985
896
814
243
236
702
109
867
38
257
403
123
370
440
177
196
470
255
156
330
935
710
979
690
375
404
225
311
261
775
495
328
730
729
397
153
416
756
102
736
63
470
843
563
576
932
136
558
372
19
735
674
387
607
338
503
849
279
829
923
987
830
414
430
170
890
363
506
581
547
168
113
410
14
866
160
756
999
945
550
844
617
722
293
918
439
347
959
194
439
597
688
530
469
455
834
86
99
64
314
56
583
7
684
765
21
34
973
765
712
292
353
348
123
835
806
815
854
691
19
151
467
38
902
275
100
122
284
878
298
376
513
982
619
837
961
699
177
360
635
418
418
314
446
514
142
432
954
992
952
199
803
927
93
754
416
405
893
528
943
725
834
989
916
996
622
711
514
887
475
655
871
238
273
979
403
415
124
920
672
794
375
292
956
526
73
919
272
779
433
905
311
975
902
949
416
163
994
91
463
560
216
136
268
447
22
719
944
89
930
429
426
51
652
678
254
338
314
5
601
44
636
357
401
797
232
444
443
156
42
668
207
225
260
275
284
209
36
315
231
313
643
719
784
386
797
299
466
977
254
758
759
4
896
875
160
86
25
849
665
689
695
435
412
626
526
901
521
124
588
30
415
631
632
348
254
772
148
527
466
368
480
430
723
240
500
592
142
602
146
11
944
192
477
4
249
952
742
556
242
970
391
996
433
625
866
89
353
332
469
611
589
79
613
252
730
977
281
293
433
380
560
792
540
748
725
183
873
300
448
94
130
698
376
841
61
442
478
592
946
402
287
371
246
917
427
165
168
201
528
175
819
372
20
859
563
269
57
794
163
391
248
535
314
673
728
580
205
565
575
300
818
830
494
148
782
756
227
796
721
31
140
852
215
349
6
723
682
931
98
745
708
527
307
170
630
169
163
746
454
841
307
614
507
536
185
997
586
628
478
683
757
332
36
619
335
53
913
30
74
848
440
348
39
806
107
907
140
112
467
770
877
754
176
309
379
316
758
135
453
63
678
760
971
587
811
958
611
590
492
100
629
12
871
898
115
582
442
881
895
72
271
622
67
949
602
200
964
898
258
635
192
667
482
74
279
14
643
294
374
87
536
718
407
464
840
487
62
178
675
303
957
505
90
690
444
6
735
51
528
248
966
377
490
970
83
772
953
933
453
10
269
585
818
174
339
733
176
79
155
847
235
560
662
252
600
914
800
466
519
749
906
125
253
239
18
503
835
324
20
388
306
700
935
192
281
551
184
510
61
829
51
985
370
572
136
274
173
170
97
104
6
711
579
887
667
547
795
142
130
0
900
9
76
683
920
482
476
269
728
583
248
657
282
592
145
394
65
651
658
907
516
454
919
555
6
546
282
770
796
689
522
601
298
135
347
757
860
144
251
872
246
15
530
67
983
987
698
66
709
823
416
27
754
585
465
10
200
74
291
465
812
716
104
432
345
182
574
211
900
881
689
67
199
578
459
220
880
763
736
716
168
86
596
19
571
122
399
87
559
961
850
475
564
646
137
534
991
258
486
81
368
558
295
19
190
429
322
252
526
6
290
915
902
328
675
345
590
522
337
488
944
17
176
377
60
91
921
158
646
33
751
663
692
606
438
885
172
44
350
852
787
753
713
277
493
32
234
72
343
599
322
273
10
429
887
172
205
441
925
494
70
860
873
267
582
668
36
609
894
399
198
75
574
705
931
313
667
510
993
757
571
300
632
779
783
68
601
239
664
700
159
650
518
138
359
228
446
498
496
958
616
399
658
419
833
191
947
534
554
402
94
580
768
725
849
778
489
43
779
525
970
571
805
875
128
932
119
167
67
111
902
815
52
558
632
144
774
374
590
800
212
418
632
727
984
404
171
898
634
507
819
997
886
796
89
44
566
843
126
496
520
184
456
720
582
932
352
845
365
720
514
926
386
330
435
26
868
823
974
285
334
713
402
332
15
742
408
377
915
126
324
179
353
705
161
655
703
299
846
271
59
705
453
536
533
215
102
828
968
196
625
520
894
321
85
869
659
236
705
422
817
54
785
739
3
870
765
87
734
587
662
397
784
780
719
161
78
949
279
146
280
489
548
781
633
949
149
801
930
652
100
283
865
543
114
519
474
234
946
262
766
558
835
748
178
580
954
593
943
951
196
29
44
696
536
261
970
986
689
625
112
254
758
93
247
12
110
191
254
112
754
736
875
739
110
967
73
387
131
489
303
175
445
208
793
364
316
833
747
641
964
835
269
772
22
747
632
510
668
510
494
225
295
175
566
599
407
635
230
845
805
225
609
353
17
971
649
365
359
962
812
251
987
870
107
250
785
874
316
77
943
330
426
604
671
387
486
983
543
347
327
916
614
994
851
489
580
298
875
924
946
872
846
838
373
311
84
126
117
69
615
365
751
857
40
734
172
616
370
791
204
31
191
98
29
160
76
601
13
249
667
888
484
963
442
914
432
324
769
569
141
369
500
507
230
160
3
957
709
83
252
909
161
519
287
882
356
865
156
716
189
593
206
256
62
474
436
534
515
361
454
72
159
980
495
233
745
932
835
122
507
773
916
391
743
366
450
467
989
873
802
110
5
696
955
950
273
395
484
607
607
103
14
281
29
255
817
242
47
493
329
480
40
476
597
886
553
928
872
720
905
683
833
805
668
651
208
840
272
639
894
446
172
657
18
86
789
921
765
813
678
55
226
840
222
78
942
324
441
676
338
390
421
871
691
310
221
664
884
21
90
452
701
577
252
2
86
960
535
559
365
683
633
226
137
961
844
101
210
842
723
772
707
567
194
701
207
615
334
686
578
332
201
77
999
794
803
686
504
541
544
327
260
156
260
774
716
209
265
491
724
968
649
886
656
399
467
973
620
432
326
300
859
137
331
675
520
466
299
773
82
473
654
942
849
476
424
629
84
450
345
662
580
47
125
273
656
46
577
127
842
692
457
852
816
344
524
484
461
88
572
37
264
489
887
904
685
446
910
147
499
203
640
782
600
929
682
89
214
900
702
593
974
285
453
834
859
682
456
237
566
93
905
410
489
753
325
978
112
291
81
618
281
38
835
315
530
892
693
966
353
42
861
399
75
54
291
523
763
224
996
827
453
903
381
678
801
441
240
915
156
782
788
23
985
227
438
810
504
828
849
832
354
955
167
19
175
38
234
858
966
165
21
220
195
235
476
428
710
584
463
436
668
601
523
45
823
640
711
943
741
671
872
980
734
487
330
476
545
966
106
578
122
841
480
622
145
661
902
242
302
151
16
457
719
961
830
324
337
900
868
804
500
80
489
392
487
62
402
696
213
1
832
604
893
7
707
895
20
408
706
145
599
384
986
565
234
470
958
971
321
775
505
442
288
365
650
313
567
140
785
110
727
729
216
675
0
361
984
220
229
418
608
303
170
393
649
746
892
255
772
324
998
836
291
648
309
674
998
63
622
935
476
507
179
408
974
230
518
317
355
10
450
650
603
964
992
983
849
367
259
327
911
955
435
348
911
1
172
418
589
120
983
369
571
133
462
456
15
541
430
33
688
82
459
638
802
660
556
747
622
396
189
198
190
933
225
426
249
157
842
957
860
431
896
290
17
51
796
198
977
98
417
679
993
64
212
298
525
650
234
403
75
887
456
753
262
329
403
431
825
385
847
524
854
991
10
931
608
736
487
856
5
244
910
967
978
66
172
979
650
618
886
378
507
700
654
363
523
977
620
620
493
363
731
412
682
659
109
622
244
932
948
793
786
57
390
926
870
592
890
775
204
618
718
645
788
488
333
257
270
482
571
45
368
212
757
402
249
233
101
754
423
751
967
11
829
483
930
920
474
706
830
73
212
271
397
815
985
913
394
141
110
479
660
704
22
792
863
443
221
768
251
988
0
30
216
884
0
723
997
929
487
446
454
366
786
210
409
467
239
135
727
63
611
142
929
939
920
238
862
584
244
150
667
719
182
930
27
163
300
864
501
70
63
491
543
305
475
778
667
738
888
532
106
532
219
941
227
86
109
750
904
153
417
917
36
787
782
791
402
209
904
762
89
372
627
74
787
3
856
975
377
161
845
678
330
886
404
655
637
374
154
636
172
190
8
328
608
440
719
232
284
492
435
181
694
802
934
149
604
597
382
651
144
752
223
576
613
913
78
625
144
75
330
600
840
126
427
687
433
543
771
504
68
334
504
169
334
536
388
805
224
46
472
956
333
343
212
129
225
716
243
267
561
904
61
281
277
715
441
911
844
44
571
97
375
899
485
700
162
489
601
930
18
191
862
31
680
175
205
871
389
832
907
832
701
664
603
45
500
211
651
356
195
684
864
584
62
437
553
552
757
82
212
127
76
59
194
963
152
728
172
945
416
599
232
409
801
153
989
25
880
805
203
886
845
958
5
731
491
782
964
441
679
273
943
882
37
423
864
972
60
815
289
328
99
779
950
188
190
308
212
409
92
298
766
190
393
327
708
849
50
88
587
408
262
828
918
971
166
600
118
864
413
912
812
312
357
419
12
971
221
604
668
984
326
41
747
362
166
682
51
390
910
826
685
453
666
846
227
135
687
513
390
721
535
752
204
226
122
974
503
923
434
707
842
920
733
105
760
714
948
54
726
808
50
28
952
413
170
534
734
988
358
994
905
856
923
156
507
420
485
675
794
588
986
372
246
816
135
721
350
854
974
577
536
655
521
777
789
103
725
230
147
185
303
341
520
0
355
121
976
490
86
145
950
147
320
590
608
987
978
955
958
1
157
699
153
938
960
953
840
694
748
679
326
836
88
120
816
754
253
162
948
753
754
269
390
923
88
991
313
4
533
640
143
561
581
643
111
717
363
225
773
352
171
559
850
170
56
228
448
285
293
892
970
978
400
311
791
143
327
490
89
486
354
558
54
948
231
123
64
964
93
295
314
116
739
249
829
455
898
190
737
270
266
862
176
362
160
282
246
944
879
192
943
137
982
870
146
651
978
301
284
659
154
390
527
39
558
862
969
156
490
720
513
93
185
650
913
757
783
561
672
635
63
533
356
38
893
795
149
561
819
1
409
146
703
3
346
563
894
512
882
355
964
527
215
293
651
193
613
150
278
758
469
205
601
688
716
189
712
544
293
539
360
173
450
735
820
894
361
160
218
843
654
414
46
369
229
256
457
378
927
387
798
837
422
80
789
212
8
293
658
497
772
235
548
601
39
554
520
323
844
214
505
801
655
891
628
355
489
169
453
878
92
154
789
482
863
133
921
949
752
803
254
636
469
167
662
868
927
652
27
551
38
153
785
660
604
704
601
510
316
208
654
239
563
201
379
716
76
943
958
173
196
208
278
224
920
34
546
564
741
351
282
580
684
833
935
297
883
548
932
571
518
989
603
214
888
824
16
766
956
303
457
992
745
573
968
740
539
292
91
754
981
851
716
145
805
174
731
712
98
557
993
49
732
262
978
354
831
587
366
188
915
980
739
994
661
330
478
52
83
973
977
686
271
78
263
959
741
41
147
808
895
221
144
531
17
860
453
843
752
306
450
227
37
722
314
152
991
320
577
856
378
759
653
751
860
791
629
208
425
382
897
412
24
552
556
238
704
894
811
587
230
270
37
441
491
519
553
967
763
78
610
349
281
301
575
701
378
931
806
289
922
605
239
552
649
497
295
830
484
197
301
545
940
722
285
568
181
110
612
872
421
379
696
167
905
789
688
103
827
225
842
808
206
220
21
977
914
604
648
461
760
24
253
323
780
589
634
641
659
743
603
880
512
23
185
560
88
778
167
59
843
41
855
820
196
714
975
937
758
936
706
84
234
995
931
8
244
454
947
361
281
182
19
481
629
878
364
823
112
256
398
162
188
486
299
324
35
694
271
203
973
237
187
11
759
295
650
253
53
786
901
711
613
969
404
796
597
170
406
983
672
963
214
711
507
762
484
5
625
263
311
344
525
349
521
712
429
117
134
617
25
420
627
828
86
928
281
972
910
20
578
721
97
968
382
171
325
767
339
230
407
658
778
249
110
873
177
876
924
359
126
151
205
280
608
116
910
929
317
836
422
238
695
558
818
487
336
887
300
946
431
286
395
132
934
904
974
87
240
714
108
571
248
233
241
360
812
620
224
893
754
790
284
361
820
285
92
954
165
43
726
398
231
878
457
90
166
416
971
109
243
515
871
152
114
657
7
951
90
640
508
54
77
962
133
943
226
641
965
342
845
879
279
226
629
869
848
471
786
286
880
313
245
455
222
793
685
971
483
116
814
602
237
464
937
607
531
96
591
249
499
737
729
146
21
137
702
275
993
380
80
933
968
997
160
645
640
179
887
61
877
422
772
172
792
754
326
753
652
278
459
791
235
156
276
822
651
298
733
508
515
976
602
472
801
291
337
446
662
929
463
988
2
913
305
631
613
143
999
106
223
336
940
440
918
621
44
77
5
439
471
867
524
604
724
733
312
330
387
16
731
796
90
79
907
339
703
485
610
696
146
192
707
795
667
545
463
479
919
476
808
202
656
286
142
176
435
541
109
663
264
124
290
114
736
258
744
638
844
339
815
834
314
764
751
395
998
555
178
972
603
450
676
747
778
322
293
810
387
236
43
920
594
198
129
490
271
639
901
654
87
13
298
91
584
444
864
886
471
205
230
61
349
4
362
603
100
399
728
710
192
451
20
729
253
636
975
755
328
356
375
125
412
913
314
124
990
629
362
63
508
945
370
495
947
677
263
770
917
305
311
299
974
132
63
879
198
358
340
158
412
659
401
903
814
642
719
971
192
636
556
63
368
618
897
134
958
757
169
72
83
932
550
609
163
818
628
734
543
615
616
813
263
240
322
435
942
878
620
562
402
104
186
895
354
395
879
520
202
743
261
761
767
267
381
905
542
160
166
901
890
44
418
393
461
830
720
491
992
482
288
472
552
643
117
241
264
954
628
697
488
54
365
368
476
643
199
579
551
700
936
143
910
969
181
81
294
29
793
137
848
876
312
939
722
730
269
488
97
907
412
282
606
995
455
805
321
221
138
275
826
891
69
545
170
964
1
761
862
397
976
969
476
653
6
114
809
865
812
21
7
489
431
789
557
963
397
718
530
745
607
280
6
375
882
927
209
653
735
469
439
788
819
587
561
450
69
576
451
963
603
762
503
480
32
199
43
917
959
92
220
525
72
154
774
507
442
512
874
770
340
85
86
939
117
322
403
65
491
85
202
9
870
964
912
391
182
780
198
82
53
101
409
686
84
611
157
126
378
840
894
459
471
282
508
307
278
215
56
823
707
596
950
956
158
245
74
891
186
159
574
916
243
208
284
662
566
661
75
584
945
932
710
836
327
723
165
154
956
242
720
199
8
517
595
873
512
882
302
491
659
644
382
321
493
524
720
932
343
985
137
18
336
705
557
791
742
504
635
885
926
798
384
680
200
214
970
345
916
350
581
475
743
795
967
101
166
406
42
23
924
576
693
873
250
640
787
43
533
854
220
634
206
416
716
888
504
773
12
123
983
112
28
76
576
245
555
681
280
310
47
746
535
617
124
682
701
691
455
449
92
78
812
105
436
750
205
948
720
11
187
24
895
659
593
912
16
772
228
64
6
895
264
690
401
618
398
83
83
458
144
557
233
756
995
652
503
801
553
101
632
727
162
79
588
800
11
661
607
618
167
41
416
374
478
968
280
800
862
98
483
596
45
411
286
187
416
623
418
396
318
580
665
220
728
931
190
202
11
999
801
63
134
660
490
118
491
210
239
726
295
657
245
482
285
610
441
87
386
940
443
913
801
721
791
41
973
490
715
182
766
775
425
247
206
931
364
506
142
802
696
189
200
372
784
129
510
611
344
535
745
944
462
260
192
335
690
6
705
826
995
741
598
441
404
237
763
793
830
32
569
384
692
342
358
560
649
354
709
286
941
168
972
472
612
101
961
326
152
452
125
322
873
864
934
740
729
351
723
321
88
653
733
592
433
82
620
519
837
190
297
725
571
629
544
205
158
339
499
557
738
746
749
74
640
49
508
626
675
731
26
193
749
394
177
47
63
689
959
53
353
552
440
296
315
263
549
244
618
833
7
973
687
48
581
536
722
106
818
454
275
160
370
397
81
200
47
604
703
701
767
245
29
151
640
947
586
62
542
957
138
389
642
961
73
312
535
425
620
192
823
405
36
139
197
197
516
37
360
843
730
57
401
482
585
664
560
764
978
862
660
57
120
975
907
978
209
554
113
867
100
103
908
171
911
202
927
344
395
248
513
810
311
473
984
728
939
140
101
774
357
789
979
945
97
206
290
409
309
351
320
798
629
811
78
881
516
492
446
534
974
154
60
14
183
82
448
52
778
675
738
5
208
958
125
294
860
71
161
696
393
610
842
611
62
260
418
285
603
580
837
128
673
902
721
666
687
311
839
399
364
319
92
787
230
414
136
888
832
907
907
696
444
567
467
58
585
401
795
183
778
535
369
103
576
578
649
177
50
24
857
615
603
245
764
309
178
334
572
708
696
629
330
305
815
53
760
400
902
483
812
106
470
252
731
276
182
546
953
896
917
896
660
723
354
165
412
429
960
468
873
265
270
207
284
326
888
1
984
802
670
596
14
248
154
14
519
755
409
64
457
107
132
54
909
445
997
992
80
721
983
840
972
196
633
396
567
584
978
201
271
987
191
454
340
645
815
318
967
659
842
127
721
270
772
958
65
980
241
756
776
790
745
690
154
92
500
709
68
298
496
315
49
135
352
445
826
607
674
950
939
75
234
573
305
516
430
532
939
24
194
770
307
821
679
676
166
588
850
646
149
697
348
129
712
28
808
912
565
396
154
298
156
271
258
436
288
389
744
556
491
47
671
45
348
387
252
312
580
702
802
176
297
887
600
69
544
456
425
700
902
161
100
930
691
161
508
546
35
838
182
289
871
819
760
955
782
506
306
673
398
419
738
456
8
972
380
954
892
860
966
939
897
114
250
411
694
12
752
388
209
464
74
362
728
181
636
149
270
945
655
335
920
531
683
817
931
421
39
7
587
237
33
90
23
965
953
378
388
410
425
194
44
7
891
906
745
70
621
722
86
774
926
574
847
720
927
988
260
685
555
115
620
285
250
234
124
599
141
859
296
468
392
305
856
96
782
940
449
795
503
625
194
177
660
814
645
897
903
570
378
66
191
335
62
805
706
608
616
10
547
845
728
293
939
771
813
238
354
0
250
561
95
330
576
502
650
317
156
791
316
772
742
837
406
656
237
349
643
402
943
477
175
110
522
693
28
199
951
62
702
27
743
244
49
751
814
569
541
137
455
781
511
379
31
607
4
4
149
121
390
790
280
0
20
284
21
141
799
861
439
812
697
500
256
413
923
401
916
227
670
311
965
987
108
988
536
940
551
504
148
125
558
230
489
977
39
174
314
989
318
46
98
90
511
818
644
605
489
812
397
157
167
308
813
607
872
478
798
227
26
988
858
565
475
995
321
138
367
335
720
926
580
658
165
852
406
933
343
854
301
199
608
929
292
724
443
500
840
743
506
797
728
753
349
494
875
971
871
721
790
890
524
692
760
76
312
646
761
240
663
459
506
375
315
310
37
229
476
26
700
669
631
291
437
571
558
714
833
689
282
906
465
603
959
39
714
247
913
109
356
702
336
10
911
917
525
813
966
761
817
134
413
358
826
278
819
945
965
925
962
623
699
495
887
201
447
945
728
48
555
711
907
241
318
667
289
577
572
512
311
977
24
696
91
609
60
125
84
622
511
126
843
723
473
843
113
943
77
74
522
883
814
742
844
368
832
680
952
953
440
88
316
944
906
95
124
643
514
111
889
349
776
259
717
211
616
39
224
442
348
487
497
536
262
564
345
67
669
161
557
400
344
142
836
90
394
63
553
85
721
799
504
882
399
117
424
617
503
333
55
738
150
607
242
275
741
96
618
932
734
118
172
196
558
748
175
396
648
765
698
185
960
654
211
245
751
487
590
71
831
822
157
617
1
429
279
205
875
563
436
545
846
717
592
956
499
258
186
845
413
140
34
301
892
908
965
240
859
549
68
841
815
378
19
183
528
982
67
867
839
487
914
115
783
817
898
301
49
357
612
119
635
486
317
624
459
681
301
204
578
532
622
127
650
828
538
681
211
40
251
96
374
929
544
360
581
738
274
768
138
372
685
542
321
295
959
154
19
350
489
18
13
605
871
95
210
386
740
564
360
85
167
119
54
984
478
641
84
288
68
977
574
825
966
280
645
343
655
934
742
164
946
368
194
32
471
174
5
333
748
820
355
522
589
908
806
522
60
344
738
37
108
48
120
239
443
783
313
25
258
519
251
114
888
251
999
572
561
590
383
948
0
540
128
133
730
786
669
184
606
517
644
843
262
262
825
194
874
487
170
942
906
710
509
51
240
734
322
121
445
160
988
689
723
737
903
798
496
276
820
624
440
751
849
620
256
982
598
633
385
754
62
740
397
528
969
54
793
967
502
623
534
330
456
622
651
424
177
449
984
204
832
2
172
315
900
373
734
811
47
417
310
74
947
194
815
443
957
48
611
434
992
208
533
467
379
104
991
928
958
288
236
53
197
725
232
539
638
461
572
12
546
130
286
506
253
546
409
852
320
674
688
471
286
600
880
395
503
713
651
465
248
245
237
566
88
444
655
450
249
132
442
171
575
138
604
380
493
93
713
804
313
404
855
16
84
760
437
191
183
426
701
964
782
693
166
594
379
296
110
654
559
290
627
113
292
889
797
237
117
23
928
983
744
911
937
624
725
791
421
220
87
54
96
131
9
407
901
206
910
396
180
469
583
520
81
65
365
475
486
32
633
502
544
927
365
687
164
723
851
84
602
426
153
919
650
776
331
778
764
35
3
579
900
309
323
368
745
76
50
433
478
574
959
10
218
514
510
911
820
124
334
716
735
875
789
787
249
384
585
271
527
882
230
397
538
322
816
859
111
675
521
802
107
225
35
929
899
686
993
568
160
780
451
104
249
541
329
49
323
933
781
146
661
572
430
359
621
266
431
275
33
791
450
431
832
850
687
382
204
423
244
815
559
791
302
903
191
349
738
147
569
968
88
407
836
53
972
427
225
652
417
178
793
918
833
530
78
5
734
313
45
978
703
602
926
669
484
150
406
465
564
263
916
922
66
27
675
749
278
756
505
118
704
685
411
527
71
479
334
390
350
834
505
349
462
538
355
843
18
673
981
832
145
239
749
687
154
400
750
163
583
687
473
71
944
993
215
734
300
884
496
545
673
802
960
8
153
10
37
416
516
731
935
966
60
770
373
435
403
57
839
731
954
995
36
567
816
152
646
213
970
881
462
793
665
662
463
878
98
550
415
179
609
922
151
992
834
823
740
688
466
630
421
922
560
376
275
445
570
90
328
362
670
692
977
436
224
534
360
563
689
457
591
866
616
323
570
935
893
325
413
643
827
58
434
592
182
195
978
710
825
888
379
718
214
430
728
206
546
545
175
823
40
660
985
664
468
898
628
260
768
92
789
739
293
55
268
587
987
477
424
171
619
303
975
623
964
158
688
957
729
421
732
301
872
839
239
970
882
143
944
663
550
7
565
482
722
818
21
593
537
149
409
318
703
545
162
136
412
190
711
613
641
322
528
503
659
793
380
404
783
986
257
110
589
455
463
514
15
991
0
243
63
537
538
461
93
299
921
202
11
650
378
364
24
929
365
26
15
58
219
63
978
938
620
127
457
1
196
934
349
876
470
464
976
103
748
114
866
999
482
64
247
276
88
113
860
780
223
29
339
775
17
33
75
490
831
341
143
320
687
871
660
894
655
84
635
446
97
625
208
356
886
930
978
477
407
170
974
859
384
972
707
807
385
146
660
762
126
267
512
381
543
305
382
301
991
683
366
538
790
61
711
127
800
885
5
637
661
201
904
430
811
581
11
111
446
990
720
408
117
355
11
872
771
137
430
142
626
695
727
222
468
346
921
146
578
60
904
672
781
423
2
127
775
84
352
351
239
168
311
758
981
271
616
888
748
511
437
473
170
762
22
952
734
639
139
591
577
45
106
835
397
51
801
289
726
688
681
770
379
803
488
221
896
443
44
856
442
386
236
814
697
334
72
788
941
970
464
515
720
555
225
773
181
992
623
547
424
302
693
306
962
305
471
937
731
852
202
717
882
355
601
866
995
524
230
641
219
124
94
617
307
343
639
830
449
794
436
663
311
517
965
963
724
369
72
670
985
65
893
357
877
720
227
472
68
210
647
759
760
778
873
268
83
367
314
605
995
842
971
613
141
835
349
424
447
244
366
964
977
533
769
290
984
811
968
827
888
386
786
480
349
876
89
781
547
204
889
757
194
804
78
927
853
145
615
926
615
235
617
538
278
127
537
584
732
555
322
943
392
768
197
217
150
274
522
943
519
715
2
59
346
323
336
277
698
450
342
371
326
464
444
936
408
927
412
44
88
302
167
359
739
642
522
705
731
614
741
784
951
962
871
708
265
973
917
309
613
846
57
700
444
880
253
430
767
267
820
646
176
895
743
102
804
969
772
495
353
465
652
601
991
370
120
876
130
444
691
734
852
748
631
508
7
515
901
164
831
19
354
212
252
987
892
900
935
738
838
693
499
701
298
237
298
145
860
518
576
998
592
665
857
370
917
914
889
995
627
557
583
137
977
342
919
619
541
647
951
569
258
959
658
139
903
600
603
936
21
426
41
159
224
202
386
449
643
677
701
300
217
953
205
445
477
597
597
37
438
109
392
563
236
745
353
422
174
442
525
753
924
538
360
662
723
268
888
226
554
565
951
768
433
516
18
679
169
931
244
762
135
889
24
405
905
790
430
150
845
380
634
130
116
490
606
647
869
699
132
671
802
975
454
358
684
386
667
775
852
365
328
916
228
641
587
720
848
864
584
269
478
173
760
540
450
424
193
108
443
581
78
962
591
799
982
158
945
70
564
411
10
923
42
791
837
527
793
671
860
761
145
698
510
244
565
62
407
43
214
590
839
834
8
211
64
542
179
144
937
102
570
794
271
813
776
668
346
932
586
815
969
541
107
219
548
456
349
294
683
915
35
132
927
48
897
444
448
692
713
186
544
932
940
705
104
856
837
892
384
428
632
203
700
23
416
608
922
137
116
519
13
32
147
462
157
576
44
827
444
338
687
310
489
81
508
783
780
163
419
192
67
982
80
734
589
531
495
19
478
352
890
120
252
612
252
451
925
865
944
143
870
35
293
206
255
541
125
71
571
75
822
250
474
417
555
758
958
884
32
616
630
430
273
246
705
159
614
802
183
46
418
521
550
925
720
986
259
422
351
801
208
334
922
526
391
130
413
927
922
640
7
461
653
737
264
723
702
764
651
997
296
769
983
411
460
107
312
194
274
851
388
437
581
519
890
328
291
47
243
297
662
590
980
645
237
700
319
224
434
664
781
498
153
292
485
816
115
251
977
64
103
125
275
964
698
727
163
129
572
842
614
685
939
500
619
671
278
83
666
683
26
46
514
189
532
816
970
764
212
467
840
27
501
106
320
429
885
499
663
148
40
390
80
265
860
106
485
91
933
511
868
957
869
103
800
73
703
72
809
41
524
427
152
474
348
874
793
731
242
5
265
161
648
488
428
427
897
356
60
385
912
243
637
744
197
340
623
218
295
161
82
164
38
727
450
761
71
623
864
657
345
476
522
578
477
810
181
873
152
901
34
100
28
197
895
747
919
131
844
957
404
636
193
611
350
511
961
471
319
815
789
179
206
878
629
763
976
125
349
977
874
843
835
230
995
226
93
89
697
520
297
329
950
844
755
299
304
336
258
918
885
574
350
988
468
849
645
605
442
752
426
379
226
723
412
852
476
640
767
978
273
282
135
778
292
506
711
309
884
290
173
911
876
341
544
288
867
877
963
341
760
278
648
846
298
769
265
9
382
983
359
624
50
227
421
100
87
564
712
865
357
361
947
761
141
768
521
835
932
732
30
623
387
516
487
369
382
385
731
843
416
54
274
400
923
753
977
636
400
258
740
565
664
57
644
538
940
871
771
225
942
143
316
846
585
720
407
516
478
897
514
979
876
186
199
260
354
656
475
723
63
469
990
849
60
270
802
581
868
429
567
435
125
735
533
711
910
44
863
37
69
545
464
162
696
766
661
405
703
182
787
387
289
302
990
739
9
397
346
259
27
631
648
616
118
203
106
55
944
257
551
716
134
726
618
135
754
11
846
193
808
335
571
290
527
929
979
806
321
710
741
975
451
980
159
130
668
748
893
915
284
699
910
470
415
487
472
778
408
994
659
311
815
432
126
925
579
666
536
403
548
967
400
430
777
437
842
839
586
754
154
852
774
503
874
708
932
270
521
487
304
917
37
185
251
907
478
67
953
322
449
143
623
290
344
128
169
824
473
649
952
721
770
527
993
46
872
927
755
901
37
815
417
635
515
645
361
369
730
463
481
775
848
621
753
275
105
136
489
473
550
296
569
443
714
512
986
667
78
568
14
841
104
347
352
430
39
845
684
908
656
782
171
815
579
400
559
365
887
94
723
125
230
389
667
442
770
371
255
631
913
118
168
668
896
840
893
38
27
421
879
647
543
812
325
231
826
230
470
464
972
471
650
78
521
698
856
646
504
976
992
333
796
463
525
831
215
604
796
921
685
913
808
553
289
903
897
144
993
532
362
810
373
77
767
589
719
695
334
323
481
80
563
767
147
489
2
636
268
138
843
792
569
423
866
487
745
665
99
599
826
122
449
91
751
819
464
520
95
346
334
257
738
140
244
237
631
936
150
493
703
10
135
390
402
537
554
515
313
917
267
396
790
189
431
810
561
713
441
243
834
146
835
181
502
381
208
315
670
501
411
406
888
997
643
504
130
485
315
458
787
877
969
182
695
525
877
910
468
139
387
784
227
414
514
459
157
129
757
55
182
188
643
720
447
461
3
247
244
558
611
705
449
616
366
787
573
997
873
635
999
352
900
223
104
829
947
14
472
372
814
458
591
912
881
111
38
988
566
580
337
773
247
260
418
746
822
809
801
283
908
653
453
241
658
347
526
225
68
512
60
586
648
179
76
355
358
829
388
273
696
90
923
789
960
56
236
375
762
451
481
841
22
422
55
336
847
547
722
627
869
789
107
806
870
492
66
60
766
196
576
248
316
9
494
69
239
503
720
296
787
610
63
141
193
809
369
71
828
966
279
540
357
534
336
946
660
501
1
793
779
342
562
472
708
492
840
298
407
302
56
437
32
212
223
143
981
959
948
285
63
901
578
494
756
219
228
371
259
601
324
139
815
203
971
758
559
141
607
46
954
491
139
555
775
801
986
22
416
411
248
991
290
452
486
830
964
280
493
720
699
192
737
358
55
764
127
66
259
777
116
686
111
760
173
187
299
373
106
147
145
466
779
375
941
421
292
742
253
545
789
973
791
640
701
487
707
549
331
627
452
469
420
555
679
0
512
840
2
465
688
310
819
808
519
60
817
459
893
566
225
921
692
778
362
486
186
689
527
368
397
334
829
803
624
373
114
112
759
441
759
492
67
200
738
372
564
617
12
469
240
320
18
319
915
16
734
915
672
861
580
308
435
371
179
412
443
904
848
61
105
34
528
332
933
133
739
457
42
317
85
256
19
495
758
834
778
627
469
460
403
484
262
975
877
101
686
744
19
875
877
185
929
723
215
165
706
29
341
101
263
146
482
423
592
94
263
181
928
682
344
968
883
724
562
992
766
197
476
94
984
139
581
744
638
873
783
559
163
639
134
695
134
59
211
520
189
923
998
371
309
697
595
813
630
788
583
736
285
25
418
872
771
88
809
733
767
549
609
808
314
26
424
852
811
494
760
447
338
129
278
646
381
215
397
354
178
522
304
336
539
282
168
129
181
324
207
932
320
220
100
516
528
285
119
525
608
125
278
104
565
994
724
653
590
616
601
651
325
268
601
911
591
874
468
334
194
568
796
217
364
703
548
438
909
530
878
378
153
876
990
284
322
971
965
881
88
200
720
424
635
966
510
71
738
54
696
396
34
827
803
111
878
355
245
563
919
112
494
398
797
176
873
829
181
977
595
340
702
497
164
267
191
502
745
652
47
807
661
940
480
811
738
591
844
525
841
454
261
104
545
770
270
469
580
27
271
929
371
489
155
846
724
107
594
315
468
715
139
478
651
827
433
596
722
144
591
247
953
832
997
26
277
990
589
976
612
261
967
539
676
420
534
214
310
920
214
250
297
784
216
660
735
937
728
539
72
74
395
188
27
417
930
821
752
238
214
697
739
908
828
352
216
286
11
266
933
690
691
657
582
346
348
328
304
183
194
443
122
56
318
842
451
9
226
85
234
989
458
675
676
490
786
34
975
986
814
688
944
621
686
745
917
587
3
222
876
795
975
974
311
942
307
979
909
832
292
543
837
889
139
505
3
74
584
916
424
90
443
758
516
600
885
186
905
389
830
479
138
838
86
323
502
815
533
340
997
116
902
776
411
869
494
89
339
917
464
780
969
21
143
166
382
908
244
968
178
574
690
520
246
989
231
125
570
300
993
584
81
933
572
201
686
514
330
648
767
371
107
902
660
491
622
87
819
183
495
492
664
395
939
180
376
561
864
620
227
113
351
482
408
289
187
295
665
680
436
980
502
29
820
340
139
175
22
502
882
632
895
931
100
278
962
96
517
776
505
70
102
871
31
365
464
457
876
78
261
363
237
969
819
126
975
477
853
645
137
768
893
491
227
832
801
820
952
338
520
292
300
423
68
145
565
823
590
565
139
833
195
820
702
341
221
186
698
806
498
549
885
439
174
738
52
962
675
27
945
294
397
978
839
230
824
770
185
644
834
431
223
91
132
932
503
678
868
924
806
976
733
44
25
342
32
56
207
418
493
811
98
802
872
932
216
808
723
394
673
19
71
656
744
853
75
825
419
672
242
395
998
78
126
474
131
891
995
44
560
977
403
731
228
536
170
765
341
658
852
291
446
983
354
952
572
70
7
738
998
637
77
394
290
185
362
304
805
663
298
677
10
698
694
985
589
640
74
117
510
124
358
410
912
110
532
737
946
372
783
143
459
265
527
101
708
145
697
297
154
220
616
23
734
773
820
657
906
607
217
436
212
316
31
686
55
464
106
966
859
41
267
108
851
639
594
987
220
618
662
946
506
177
52
198
694
633
659
207
654
421
634
0
196
269
130
592
287
793
339
222
677
244
732
920
463
486
793
959
933
369
15
156
377
525
373
584
384
299
33
216
598
933
556
196
781
359
465
946
539
975
621
51
23
507
493
951
477
692
84
761
524
803
949
173
698
201
492
289
832
984
477
377
567
499
461
38
426
972
724
967
605
713
73
549
894
442
805
779
879
53
36
621
932
762
541
766
279
914
205
857
851
944
249
742
491
864
368
944
535
414
53
582
740
485
413
200
42
727
999
550
613
294
258
157
295
559
462
655
529
209
177
231
540
586
603
209
681
293
391
764
527
78
883
977
503
737
61
961
602
333
880
602
990
319
66
516
141
272
926
196
429
794
177
967
34
814
304
271
362
957
530
49
147
860
12
407
850
331
506
599
961
0
363
332
346
723
407
784
822
282
898
309
748
109
562
692
508
637
391
9
456
566
724
578
31
824
935
252
482
239
908
282
892
968
368
311
946
553
36
628
209
62
544
657
516
147
15
822
424
17
199
328
613
253
146
132
515
114
418
319
436
493
968
410
923
948
960
657
145
312
931
200
625
220
940
81
742
526
528
514
36
975
621
461
494
709
753
521
704
124
331
399
935
379
29
706
969
357
740
650
793
221
975
283
32
788
20
276
383
811
638
890
136
942
628
702
302
563
80
851
784
909
728
76
477
883
444
551
204
790
490
599
893
730
872
692
479
761
787
725
566
83
913
489
60
359
34
406
567
21
292
59
583
850
172
779
183
387
179
572
186
752
59
965
509
269
321
925
778
887
762
880
55
764
687
984
937
538
511
229
175
746
482
678
386
573
318
87
392
619
681
479
238
632
511
723
920
267
443
59
453
709
690
588
972
683
45
142
188
752
860
624
652
991
214
865
999
111
741
288
503
842
983
151
70
931
512
985
31
402
448
901
921
853
495
779
770
404
58
39
280
600
523
578
696
989
327
680
63
317
12
184
73
309
67
971
656
741
972
867
29
114
562
389
937
568
481
388
445
789
271
516
726
601
353
613
958
578
977
600
615
535
33
142
158
954
472
420
360
473
940
606
289
365
198
239
275
519
789
544
13
829
434
896
335
49
628
24
77
93
939
304
905
509
612
407
914
